cam0:
  cam_overlaps:
  - 1
  camera_model: pinhole
  distortion_coeffs:
  - -0.17473019446863114
  - 0.10643290428040156
  - 0.005210777878907861
  - -0.00028664918860079295
  distortion_model: radtan
  intrinsics:
  - 1156.5188534683703
  - 1156.5772666173266
  - 763.2083316463371
  - 617.2779853849335
  resolution:
  - 1600
  - 1200
  rostopic: /slave1/image_raw/compressed
cam1:
  T_cn_cnm1:
  - - 0.9999844628195688
    - 0.001457338892457935
    - 0.005380546701481521
    - -0.13893451786105684
  - - -0.0014741831084051932
    - 0.9999940213716665
    - 0.003127939430629605
    - 0.0008113329400986262
  - - -0.005375956065407064
    - -0.0031358227423316097
    - 0.999980632668506
    - 9.18232813713922e-05
  - - 0.0
    - 0.0
    - 0.0
    - 1.0
  cam_overlaps:
  - 0
  camera_model: pinhole
  distortion_coeffs:
  - -0.164926089903659
  - 0.09235622563985972
  - -0.00016414611627774988
  - -0.01147184794173092
  distortion_model: radtan
  intrinsics:
  - 1158.625855755729
  - 1156.0604864187183
  - 765.5609812846063
  - 588.6683184401453
  resolution:
  - 1600
  - 1200
  rostopic: /slave2/image_raw/compressed