cam0:
  cam_overlaps:
  - 1
  camera_model: pinhole
  distortion_coeffs:
  - -0.15990323240219148
  - 0.10463273911517873
  - 0.0002065058714236274
  - -0.0025885420087386948
  distortion_model: radtan
  intrinsics:
  - 1156.1877689730604
  - 1155.1578925727374
  - 749.7229263564298
  - 584.4390302757514
  resolution:
  - 1600
  - 1200
  rostopic: /slave1/image_raw/compressed
cam1:
  T_cn_cnm1:
  - - 0.9983715122288054
    - 0.0022642294548799965
    - 0.057001726596080125
    - -0.14028670269609927
  - - -0.0022457569625233633
    - 0.9999974029639157
    - -0.00038812508221640606
    - 0.00029120307592510623
  - - -0.0570024573647829
    - 0.0002594810008873239
    - 0.9983740043310305
    - 0.009577287096127731
  - - 0.0
    - 0.0
    - 0.0
    - 1.0
  cam_overlaps:
  - 0
  camera_model: pinhole
  distortion_coeffs:
  - -0.14620227401269897
  - 0.07939024445841868
  - -0.00023428745908884234
  - -0.013493615084417368
  distortion_model: radtan
  intrinsics:
  - 1158.3585148788338
  - 1153.3374127765287
  - 735.7223721400673
  - 576.2018419687516
  resolution:
  - 1600
  - 1200
  rostopic: /slave2/image_raw/compressed
