cam0:
  cam_overlaps:
  - 1
  camera_model: pinhole
  distortion_coeffs:
  - -0.1677535529231505
  - 0.09605148986216633
  - 0.00017153601824145684
  - -0.0018784900610073743
  distortion_model: radtan
  intrinsics:
  - 1142.7375110731368
  - 1140.7331554499076
  - 745.6594881300849
  - 585.618762184662
  resolution:
  - 1600
  - 1200
  rostopic: /slave1/image_raw/compressed
cam1:
  T_cn_cnm1:
  - - 0.998990371793639
    - 0.00228504257251516
    - 0.04486664288806528
    - -0.137435009573974
  - - -0.0022979321093192164
    - 0.9999973319705328
    - 0.0002357113349774557
    - 0.0007405047590545396
  - - -0.044865984572104785
    - -0.0003385738534949479
    - 0.9989929573305899
    - 0.008609948868039027
  - - 0.0
    - 0.0
    - 0.0
    - 1.0
  cam_overlaps:
  - 0
  camera_model: pinhole
  distortion_coeffs:
  - -0.164926089903659
  - 0.09235622563985972
  - -0.00016414611627774988
  - -0.01147184794173092
  distortion_model: radtan
  intrinsics:
  - 1146.9395344268185
  - 1140.5888393764328
  - 746.5296552103663
  - 575.9924404614575
  resolution:
  - 1600
  - 1200
  rostopic: /slave2/image_raw/compressed