cam0:
  cam_overlaps:
  - 1
  camera_model: pinhole
  distortion_coeffs:
  - -0.16954484475522802
  - 0.09805262423228765
  - 0.00029939680600972625
  - -0.0015365415530145291
  distortion_model: radtan
  intrinsics:
  - 1143.8115509062131
  - 1142.0865212593558
  - 746.5809779185475
  - 587.0081455823433
  resolution:
  - 1600
  - 1200
  rostopic: /slave1/image_raw/compressed
cam1:
  T_cn_cnm1:
  - - 0.999016717659235
    - 0.0020440580376946153
    - 0.044287917811944626
    - -0.137487122254794
  - - -0.002118070059013792
    - 0.999996437716205
    - 0.0016242949658172232
    - 0.0006794996029665259
  - - -0.044284439892631984
    - -0.001716502737954676
    - 0.999017488336294
    - 0.008384879098531191
  - - 0.0
    - 0.0
    - 0.0
    - 1.0
  cam_overlaps:
  - 0
  camera_model: pinhole
  distortion_coeffs:
  - -0.1672986191133084
  - 0.09708504503573302
  - -0.00028202294308438195
  - -0.011298220616928534
  distortion_model: radtan
  intrinsics:
  - 1148.0840872964964
  - 1141.7319886997782
  - 748.1998849100478
  - 575.9569612830801
  resolution:
  - 1600
  - 1200
  rostopic: /slave2/image_raw/compressed
