cam0:
  cam_overlaps:
  - 1
  camera_model: pinhole
  distortion_coeffs:
  - -0.16815520799134298
  - 0.0957620881512633
  - 0.00029907760896300597
  - -0.0016613704427069
  distortion_model: radtan
  intrinsics:
  - 1144.4804414698478
  - 1142.641645167626
  - 743.7065675323823
  - 586.4472760840544
  resolution:
  - 1600
  - 1200
  rostopic: /slave1/image_raw/compressed
cam1:
  T_cn_cnm1:
  - - 0.99903587612446
    - 0.002079982695299238
    - 0.04385193140805985
    - -0.13747345074056458
  - - -0.002113503686698059
    - 0.9999975087400158
    - 0.0007180640122341926
    - 0.0006698299025145227
  - - -0.04385032860077839
    - -0.0008100529282755976
    - 0.9990377833174552
    - 0.008566059348832773
  - - 0.0
    - 0.0
    - 0.0
    - 1.0
  cam_overlaps:
  - 0
  camera_model: pinhole
  distortion_coeffs:
  - -0.16601306178535294
  - 0.09297447141102987
  - -7.134146404604232e-05
  - -0.01128600569001042
  distortion_model: radtan
  intrinsics:
  - 1149.0670520256401
  - 1142.689922965191
  - 745.7235640365038
  - 576.4421338859037
  resolution:
  - 1600
  - 1200
  rostopic: /slave2/image_raw/compressed
