cam0:
  cam_overlaps:
  - 1
  camera_model: pinhole
  distortion_coeffs:
  - -0.1699701296829976
  - 0.09809873902486155
  - 0.00040327778354162173
  - -0.001494909888437363
  distortion_model: radtan
  intrinsics:
  - 1144.94711116171
  - 1143.1614069703005
  - 745.8043299327861
  - 587.1818213204276
  resolution:
  - 1600
  - 1200
  rostopic: /slave1/image_raw/compressed
cam1:
  T_cn_cnm1:
  - - 0.998997626655631
    - 0.0019270801772315997
    - 0.04472167593466892
    - -0.1375337613045961
  - - -0.0020131408486201807
    - 0.9999962075465687
    - 0.0018794032036741615
    - 0.0006172776151443244
  - - -0.04471788456913677
    - -0.0019675503726423143
    - 0.998997717487478
    - 0.008549832442611184
  - - 0.0
    - 0.0
    - 0.0
    - 1.0
  cam_overlaps:
  - 0
  camera_model: pinhole
  distortion_coeffs:
  - -0.16861803352482008
  - 0.09782310889316204
  - -0.00035963394944306946
  - -0.011425893455436154
  distortion_model: radtan
  intrinsics:
  - 1149.5692604972219
  - 1143.2721558738613
  - 747.0913953611108
  - 576.094445892766
  resolution:
  - 1600
  - 1200
  rostopic: /slave2/image_raw/compressed
